133.7
135.4
149.0
143.4
134.6
35.8
45.5
32.0
31.5
35.6
35.7
36.3
30.5
47.3
33.3
44.4
42.7
124.8
144.0
120.6
141.9
134.9
132.1
44.9
129.7
149.6
122.1
130.1
139.4
135.4
145.6
130.5
47.0
32.9
30.7
36.1
49.9
30.2
30.2
38.3
33.7
30.9
47.7
47.8
42.2
44.1
44.8
30.6
47.3
36.6
140.2
149.9
146.8
145.2
133.3
130.2
133.1
140.3
30.6
37.5
32.2
30.8
146.2
136.6
146.0
146.5
128.1
121.2
37.0
39.4
47.2
37.9
31.0
36.7
42.7
41.6
40.1
122.1
143.7
123.1
136.1
148.8
129.0
48.0
41.3
48.6
43.6
32.9
47.2
47.2
37.6
32.8
47.0
138.9
145.8
125.2
129.8
122.4
149.6
140.4
140.1
140.9
145.5
139.4
42.7
31.8
32.2
36.4
34.1
35.2
42.8
37.6
44.5
31.4
41.2
40.7
42.9
49.5
39.4
43.6
47.4
42.3
45.0
34.6
33.2
31.1
47.9
37.0
31.2
45.3
36.3
46.1
47.0
37.1
49.4
44.5
48.5
49.2
49.6
39.6
48.2
41.8
47.9
35.8
31.9
35.9
33.4
40.4
40.0
35.5
137.1
140.9
132.8
141.6
146.0
45.1
49.8
31.7
33.2
43.8
44.9
44.8
31.9
47.6
38.8
49.9
43.5
36.7
30.2
122.0
123.5
122.7
135.7
143.7
132.1
135.0
142.8
123.8
122.6
144.5
145.5
35.9
46.6
43.7
39.7
48.9
37.7
41.4
38.0
44.2
38.0
49.4
36.7
41.2
32.1
39.0
49.8
33.2
43.9
47.8
33.2
31.4
31.1
37.2
37.1
43.4
33.9
40.9
30.5
45.8
38.8
43.1
44.5
44.9
49.9
43.7
34.9
36.3
37.8
46.0
48.5
47.0
43.8
33.3
48.6
42.7
43.9
145.9
147.7
124.7
132.9
132.1
123.1
31.1
35.2
39.6
43.1
32.4
48.4
43.1
41.0
40.2
49.5
45.3
145.3
142.0
144.2
127.2
140.3
130.4
143.3
139.6
147.6
129.9
141.6
129.9
44.9
44.8
43.5
47.3
37.0
37.8
40.5
147.8
147.0
125.3
33.1
32.1
34.6
47.3
40.6
45.9
42.1
39.7
42.8
49.8
47.9
36.1
46.1
37.6
36.8
38.4
40.6
38.1
43.7
31.1
129.7
123.4
141.4
138.5
139.1
141.6
122.1
144.2
130.6
137.8
129.2
125.5
37.6
42.0
43.4
35.0
35.9
40.7
43.8
44.0
37.8
41.8
40.8
34.5
44.5
46.3
40.8
33.0
43.0
39.2
34.1
42.4
33.0
37.4
42.2
31.4
43.9
47.6
49.9
37.9
45.7
121.7
132.9
127.3
134.7
148.6
127.9
132.1
134.9
139.0
144.5
137.3
37.9
34.3
42.1
34.6
47.2
34.4
32.9
49.9
141.5
